11111111111111111111111111111
10001000000000000000000000001
10111110100110010110101010001
10000010101000101000101000101
11111010101011101011101011111
10000010001010001000000000001
10101100000011101111111000101
10100010001000000000001000101
10101001101111101011001101101
10000000000000000000000000101
10111110000111111010011100101
10000000000000000010100000101
10101101111111011110000110001
10101000000000100000101000001
10111011111110101011101110101
10001010000010001000000000101
11101011100010101000111111101
10100000101000101000000010001
10101110101111100110110110111
10000000101000001000100000101
10101010101011101001101011101
10000010001010000000001000001
10101010101010111110101011001
10000010100000100000101010001
10111110101000101000101010111
10001000000010001000101000001
11101011111101000011000011101
10001000000010001000001010001
10111110111010111010101010111
10000000000000100010000010001
11111111111111111111111111111
